447.06
165.67
460.42
168.08
472.90
129.26
462.90
232.15
233.92
269.13
185.68
139.37
217.62
432.77
217.25
454.05
424.91
320.24
413.24
422.44
340.31
158.75
234.79
202.62
434.62
235.90
229.39
215.52
194.35
410.79
307.13
330.36
330.24
209.75
207.06
208.33
338.37
147.60
415.43
337.76
164.29
244.28
218.63
314.42
156.98
177.86
426.03
181.65
321.05
252.08
433.07
348.03
201.44
425.61
363.12
348.04
433.20
330.48
158.70
435.15
137.76
195.94
245.31
204.04
419.15
320.60
289.05
428.39
436.34
441.69
259.84
311.01
140.36
465.99
207.00
395.88
150.85
336.55
336.83
195.37
209.43
209.75
213.93
159.84
315.69
424.35
223.07
233.83
202.05
268.80
250.72
298.72
385.50
179.47
328.41
315.86
355.25
252.16
318.85
334.24
825.78
1477.73
886.84
1699.72
1288.96
618.61
1449.54
1462.28
768.33
1488.68
789.58
1544.58
1488.66
1636.62
1603.65
1501.98
779.28
770.57
1309.45
802.59
1700.03
1711.83
783.75
1126.35
821.51
1675.85
798.61
696.00
599.71
796.45
1506.86
939.24
1060.47
798.01
1426.20
781.71
1146.96
1399.89
1480.73
867.56
617.33
975.74
1066.68
823.67
955.48
1416.27
1659.11
1530.57
854.22
1480.15
846.97
1537.48
1018.91
1555.77
1416.40
829.44
1218.67
1247.97
801.31
759.45
1366.71
585.32
1151.06
909.93
1489.33
1446.64
826.07
699.91
1722.21
480.37
768.92
938.72
826.92
1189.75
1312.22
1457.20
1615.15
760.48
716.55
713.36
1584.58
1329.08
784.96
1703.54
982.46
1117.26
812.32
860.95
831.55
1530.33
1573.75
1277.98
975.96
575.66
466.22
1223.52
949.29
712.71
696.14
867.89
1890.52
1577.92
1525.50
1024.84
1569.28
2004.66
1149.43
977.69
1192.57
1683.82
1524.80
1323.63
1579.30
1115.28
1722.32
1694.16
1623.61
1126.69
1857.31
1585.01
1009.20
1468.93
1890.26
1717.58
1685.66
1019.25
1351.92
1795.27
1042.73
1618.20
607.56
1516.91
1152.01
1442.14
1093.95
1774.93
1159.11
1643.15
1634.66
1624.34
1176.17
1560.88
781.42
1634.69
1720.13
1787.67
2062.97
1810.97
1617.71
1754.74
1298.10
1192.42
1916.20
1586.19
1865.38
1118.88
1536.67
887.11
1539.11
1244.32
1536.09
1310.36
1871.21
1272.38
1590.64
1726.14
1684.62
1249.09
1467.08
1860.79
1600.29
1798.78
1511.38
1179.07
957.27
922.17
1904.79
1453.98
1574.43
948.19
1961.85
1130.17
1528.88
1963.10
1507.10
1862.97
1804.29
941.49
1629.50
1159.59
1988.97
1911.38
2059.12
1923.36
1114.88
1499.52
923.08
1699.36
1639.78
1647.39
1479.43
999.93
1323.13
820.61
1409.11
821.65
992.60
1463.51
1406.31
1478.95
978.93
1297.44
1074.87
1260.62
1219.26
863.57
1010.08
661.98
1135.74
1097.82
1515.29
831.50
757.20
1478.06
1554.34
1118.18
1245.15
1604.68
1159.83
965.61
626.19
686.69
656.20
1928.06
1359.42
779.19
716.70
628.26
942.53
1064.98
673.13
843.86
1349.14
1429.18
912.30
1151.09
1363.07
655.21
954.95
1140.00
1726.24
1003.59
618.00
1138.86
662.39
731.92
1331.96
1382.32
625.91
707.13
743.02
1077.08
1834.79
1355.71
619.40
1674.11
1465.73
811.92
796.32
1179.53
996.74
1116.52
1386.38
1284.78
1340.00
1101.55
1418.17
641.75
748.77
1271.04
771.07
981.93
1312.25
554.64
1155.15
733.01
1927.60
572.65
814.04
1381.23
649.40
956.83
693.91
1373.59
1776.86
1110.66
1391.52
803.03
1142.59
1659.39
943.02
651.92
824.37
995.24
696.43
525.30
883.15
870.43
543.59
1011.39
575.25
1091.25
743.37
955.55
703.68
594.24
1073.96
533.32
1300.10
462.75
974.22
482.14
824.87
801.35
652.15
777.71
1225.70
689.68
532.88
1237.78
547.92
710.59
869.24
906.84
602.05
1441.88
866.38
786.50
764.50
922.12
936.46
847.88
524.89
519.18
522.08
1046.40
615.54
625.70
1026.23
557.09
278.57
300.11
320.91
693.06
1171.54
636.67
897.84
768.16
463.64
841.27
813.84
761.01
885.94
715.57
1209.89
494.80
862.28
1108.59
1220.26
346.16
734.11
845.06
1188.41
1008.01
750.16
750.04
1110.62
1089.36
801.92
359.27
520.14
733.74
333.14
307.31
696.62
634.65
1175.41
874.16
779.23
1100.71
578.10
616.33
327.31
773.63
314.44
327.90
1122.24
798.14
735.37
759.07
1029.94
851.29
637.09
321.12
1063.05
288.86
750.11
616.37
854.87
642.62
903.76
793.93
655.57
460.63
301.46
820.56
746.46
1242.43
874.66
459.74
1018.40
732.58
1213.85
443.71
638.02
501.68
652.03
776.56
782.17
374.12
669.44
989.11
757.92
619.83
302.78
845.83
1031.34
326.75
1079.81
628.57
872.21
1064.46
765.29
323.86
493.56
394.61
1170.89
1104.94
334.01
748.81
1505.34
1183.01
1315.06
1392.88
1186.78
492.36
627.80
764.20
1104.77
1472.09
743.97
1442.66
899.99
631.89
1477.58
684.11
743.86
598.20
950.94
1337.45
603.19
616.10
818.73
1507.49
1249.03
702.97
1479.94
675.25
1290.65
641.38
595.69
1138.66
600.56
596.11
780.49
1512.45
1329.16
927.33
1112.63
1283.14
1494.59
849.18
1072.15
1500.57
746.07
1016.82
1452.85
1249.52
781.36
1298.92
1478.06
721.83
1546.14
1429.84
582.59
1451.98
804.35
614.38
756.12
1492.91
834.16
1075.75
1186.98
1537.54
1473.80
758.46
1095.44
1351.42
1405.34
671.95
1534.25
488.42
1417.29
521.68
863.58
1308.29
1283.75
751.17
1453.07
1050.92
808.26
598.75
696.73
1521.29
893.64
653.32
1510.40
1461.35
796.02
1473.14
563.05
1016.13
654.31
1012.92
961.10
1161.89
618.83
1306.69
1423.77
775.86
1854.56
1998.97
2012.31
1907.73
1775.30
1992.91
2001.11
1947.53
2042.13
1986.69
1995.19
1937.59
1710.39
1941.68
1905.61
1934.51
1804.38
2017.06
1874.51
1893.62
1867.48
1721.52
2039.49
1946.75
2028.28
1870.66
1929.95
2082.52
1745.66
2056.25
1861.55
1863.45
1928.83
1874.00
2054.05
1772.39
1820.85
1930.46
1927.51
1770.61
1903.55
1991.61
1904.36
1796.61
1824.60
1904.92
1924.82
1768.35
2218.78
2094.80
1857.72
1963.45
1896.56
1961.48
1955.41
1879.67
1989.59
2160.24
1919.04
1947.61
1767.97
1921.63
1799.24
1965.18
1991.64
1854.32
1924.59
1804.66
2015.24
1793.40
2122.97
1931.72
1872.06
1958.66
1885.18
2056.87
1864.16
2104.98
1953.43
1895.42
1985.32
1847.52
1906.22
1898.01
1565.48
1914.15
1903.66
1875.49
1953.27
2025.69
1595.05
1957.37
2095.76
1864.91
1994.84
1781.98
1922.89
2074.72
1302.61
1936.46
1328.56
1187.84
956.12
1813.65
1477.49
764.54
1258.73
1308.67
598.37
1161.33
2173.45
1554.65
1788.52
1743.84
1545.43
1941.59
1705.09
1803.52
1807.48
1364.45
1378.54
2197.49
1775.61
1830.81
1446.34
1407.87
1616.00
832.14
1943.43
1446.85
1685.66
1573.20
1836.25
1065.93
1461.81
2011.85
625.22
1875.95
1695.23
425.07
1911.10
1943.64
1203.72
696.58
1308.17
1695.39
1873.53
693.04
1606.88
1448.48
1283.38
1433.91
1176.98
2105.48
1584.61
1007.63
1551.57
1969.26
1265.76
1859.61
1273.10
1129.25
806.21
189.37
1394.89
1295.67
1134.37
1975.94
1351.27
827.67
1615.54
1375.42
1420.91
575.62
1532.63
1610.10
1416.49
1735.02
650.66
1627.71
1210.42
988.67
1485.63
1883.31
574.71
1607.18
1482.95
1698.33
923.25
1776.23
2123.40
829.80
1363.66
1327.33
1535.74
1731.12
1768.50
1296.24
1045.94
1269.48
1404.13
1820.93
1541.26
1771.05
1842.42
1800.66
1837.04
1839.08
1319.03
1683.90
1362.07
1246.05
1175.34
1475.36
1453.00
1321.53
1542.58
1433.85
1308.43
1594.21
962.13
1580.79
1801.06
1169.94
1261.80
2166.23
1145.88
1654.54
1544.72
1885.41
521.24
1472.68
1373.09
1109.56
605.68
1468.54
1103.65
1169.61
1737.11
1261.04
825.53
1337.69
796.15
1831.07
1023.27
1942.98
1890.74
1126.71
825.86
1747.39
1666.77
1596.13
1858.62
2156.34
1451.24
738.46
1652.54
675.05
1316.29
1947.61
1915.04
811.27
645.02
1377.57
1608.01
1106.37
789.31
1699.47
1483.92
2054.17
1829.87
1867.80
977.40
1751.10
1186.84
1442.36
1701.02
1913.26
1679.52
1664.26
960.70
1796.14
1901.61
1559.71
1637.29
1416.92
577.02
1095.32
769.04
1506.18
1952.71
1966.38
1299.59
1497.96
1154.81
1498.44
1661.25
1790.32
1322.50
1664.16
1550.73
1379.90
1916.38
1488.39
1054.45
1647.29
1379.77
1516.79
1615.80
1934.92
1487.56
1665.42
1746.48
1535.21
1608.63
2185.93
1903.07
2070.97
1528.60
995.48
1101.10
2198.46
1932.40
1931.35
1389.80
1624.52
863.99
520.84
1413.52
1624.34
1207.20
1011.85
1155.46
1916.80
1955.75
1644.02
1707.19
1943.95
2014.94
1791.99
1500.32
1659.43
1849.01
1513.51
2011.14
1470.53
1298.03
1839.13
1792.27
1854.83
593.77
738.75
1882.87
1589.15
1758.20
2067.69
1632.68
1953.16
1625.11
2035.95
1196.64
1807.80
807.26
1577.97
1693.42
1346.03
1301.67
1501.85
947.50
1925.86
1677.83
738.02
1601.29
1770.11
779.07
1229.95
1615.50
1792.79
1811.17
1459.23
1022.87
971.73
951.02
1475.82
1418.13
778.12
1528.36
1083.53
1103.36
1830.17
1540.81
1046.44
1520.05
1242.94
1163.50
1571.50
603.07
1301.14
1222.85
1722.58
722.17
1296.50
1012.85
1903.58
1465.17
1494.02
1824.07
1694.52
863.25
1917.52
1692.74
1127.00
1167.54
1680.44
1558.45
1168.88
1720.19
1752.30
1667.94
1638.40
754.53
1766.22
752.58
1374.71
1337.80
1623.64
1184.58
1632.58
1803.14
929.69
1493.34
1268.41
1838.38
1658.96
1311.01
609.14
1199.36
1878.11
1653.96
862.46
1806.10
1449.55
1184.04
1733.02
1513.75
1432.54
534.21
1144.11
1832.26
1740.34
961.35
990.71
1872.37
1162.13
1306.23
1706.67
1615.71
1494.09
833.87
1792.10
1543.27
1779.74
1737.34
1437.60
1522.79
1576.00
1868.81
808.49
1690.36
1648.86
1546.44
1381.10
1752.72
785.66
1635.78
1463.58
1892.05
1990.24
1543.98
1588.97
1455.59
1807.56
1672.00
915.29
1025.16
1277.82
1269.03
1483.79
1800.44
2062.74
1505.35
1231.63
1256.59
1196.44
1528.52
1146.27
2078.33
1724.05
1782.41
1267.63
1660.22
1621.50
285.23
2146.35
1384.95
1626.71
1625.52
1846.41
1888.46
948.46
644.18
1177.77
709.68
1797.74
1546.41
1931.99
526.38
1397.92
1718.29
1532.63
1573.25
1479.66
1205.95
1758.67
1112.43
1562.74
1687.00
1541.83
1962.44
1661.95
727.67
1607.66
616.45
1627.53
1703.70
1788.88
856.17
1478.95
1304.69
966.76
1625.18
885.37
1682.98
1676.44
1669.72
1952.98
1814.98
1507.20
1164.32
1107.33
1713.43
1253.75
1587.85
1439.86
719.58
1164.37
1407.13
986.92
1778.27
1319.46
2010.23
504.82
1744.02
1471.04
1851.33
1630.43
395.26
746.54
1781.57
649.41
998.45
1558.73
1493.38
1712.72
1378.38
1782.13
1357.16
1811.91
813.24
1486.29
1499.27
1154.29
1545.89
1592.37
1618.64
465.71
1176.46
786.41
1457.90
1551.25
1068.26
1132.44
885.04
1064.53
1090.40
1573.46
1867.65
1886.17
1924.63
1360.22
1932.80
1799.26
1044.95
1233.57
784.65
1112.76
1495.98
1220.21
1775.07
1812.12
1508.81
797.74
1585.72
1214.03
1711.01
1725.50
1928.84
1178.98
1765.43
862.53
1517.45
1294.96
1133.49
1700.01
1390.79
1627.38
1784.59
904.25
1286.69
1562.63
679.36
1622.06
1364.34
873.13
1848.42
1509.54
2169.92
1219.12
590.74
1147.92
1514.79
1869.41
1770.86
1674.36
1350.59
1259.12
1648.19
1651.73
1406.04
1460.67
1925.45
1388.08
1587.48
1432.38
1693.85
1830.35
1796.94
1827.48
1288.03
1141.75
1157.86
1467.94
1586.46
972.57
1915.22
1592.62
807.53
1527.90
2002.10
1546.39
1149.61
1029.24
1535.88
1230.31
787.92
1372.51
851.64
1398.23
1243.07
1300.63
1635.52
963.93
1346.36
1171.49
1187.60
1492.09
1605.62
737.87
1695.30
1199.19
491.73
1372.68
920.28
1461.99
1094.51
1668.13
1233.91
1416.69
1306.62
1726.75
1116.90
1609.90
1193.67
1652.55
1904.55
2115.80
1668.52
1353.21
635.73
1778.92
1548.42
1492.93
1386.72
1598.87
1897.40
1531.04
1514.57
1498.79
1098.06
2004.66
1762.49
1922.96
1132.21
1367.90
1628.11
1647.36
1434.67
675.90
1820.39
1484.60
1754.73
1362.19
817.25
1719.92
1875.42
1327.32
1959.09
1535.91
1589.39
730.82
1496.01
2107.34
1422.97
1528.89
1897.66
1743.76
1488.70
1867.65
1501.71
1535.90
1535.00
1541.90
1598.47
2126.17
907.35
767.91
1835.73
1532.26
1251.15
420.55
1364.90
817.42
923.42
1851.10
939.95
1518.85
1746.67
1764.29
1363.97
1853.60
1444.22
1134.69
1424.79
1868.29
1545.06
1659.41
1077.36
1403.18
916.61
1537.08
1512.08
1255.96
1475.38
1689.51
1617.77
1222.93
1698.66
1487.52
1621.14
1777.81
1181.09
1922.65
1492.94
1813.67
1069.33
2020.61
1664.59
1944.39
1254.15
1079.83
1926.98
1763.53
1522.09
1008.42
1371.56
1796.08
1541.87
1580.64
1355.95
442.61
1625.47
1055.05
1222.15
1263.55
2223.62
1286.89
1421.63
1687.28
1050.54
661.42
1329.74
1520.67
1431.15
1564.64
973.50
1094.44
1437.08
1450.99
1467.45
1412.29
1911.82
1511.86
1183.70
923.78
1500.79
1759.25
1602.71
1440.51
1493.33
661.00
1394.20
1049.02
773.39
1298.73
1636.75
1599.66
1854.41
1248.15
1726.95
874.99
1629.39
1861.60
1115.74
1963.27
1228.20
1934.45
754.98
589.37
1472.01
1122.04
1798.26
1262.27
1810.73
1566.72
1487.94
1623.03
1196.16
869.84
1794.36
1733.88
581.69
1194.16
820.72
1121.17
873.56
1461.74
1489.47
1550.99
2033.09
651.80
767.03
518.63
1393.44
1071.02
1569.26
989.57
2192.52
1628.82
342.37
1558.22
1221.03
633.03
1189.72
1461.25
843.66
1805.81
1289.46
1641.48
828.07
408.72
1500.79
1084.03
1411.70
1526.22
1190.07
1644.98
441.03
649.98
1681.12
1684.91
719.52
929.13
1138.26
1470.32
1451.63
1401.28
1806.12
418.30
1336.62
849.96
1518.71
1656.84
1779.18
1671.58
1481.79
1924.17
1417.91
1925.37
1219.71
1619.70
844.75
1459.73
1254.10
791.23
1544.31
1678.84
1645.16
1682.64
1453.19
1654.15
1489.56
1160.70
1351.08
1224.54
863.59
1760.24
1654.30
1522.09
1440.33
2056.73
1812.03
1806.38
430.86
1130.20
1253.04
2015.65
1536.94
1123.66
1519.87
936.15
1904.15
1687.99
2129.78
1642.58
1549.53
973.19
1990.92
1724.45
515.44
1351.80
894.31
1370.46
1532.57
1516.99
1508.68
1635.69
1437.64
1849.75
1286.97
1150.85
1351.79
1578.52
773.72
1486.13
1519.75
1086.70
645.36
889.65
1352.19
1115.07
1598.43
1100.99
1837.77
1717.75
660.07
1511.45
1460.05
1353.24
1319.82
1295.04
1797.98
1522.05
1850.54
2193.53
1951.56
1639.52
1393.52
1098.86
1519.41
1520.68
1761.71
1757.71
574.21
1823.05
1873.23
1877.74
1760.25
1312.75
1397.90
1191.14
1202.86
1731.90
749.18
353.59
931.27
547.19
1289.29
1078.79
937.36
664.45
943.97
1595.74
1435.27
630.85
1208.21
1889.09
921.58
1804.22
1871.08
1477.82
1662.62
421.63
1486.49
1538.97
950.58
1283.91
1394.32
1187.54
1977.48
1249.33
1546.80
723.68
2147.77
1264.63
1914.94
1237.33
1440.76
1358.52
1617.46
684.75
1437.35
449.79
1411.98
1695.83
1875.51
491.69
1765.13
730.54
1038.79
988.33
1237.85
1701.58
1406.84
1530.78
1572.13
881.07
651.03
1213.11
1956.36
1808.70
1157.27
2044.47
1851.18
1663.06
968.63
1578.99
1439.30
755.69
1575.49
1121.08
1749.31
1294.95
1461.61
1660.88
1530.50
1433.88
1661.40
1716.73
1637.09
1479.03
1245.92
1586.21
1773.24
1093.20
1701.23
1200.96
866.44
1673.61
1583.24
1914.85
879.78
1141.21
1215.95
1107.22
1840.75
1243.43
1968.59
666.91
1362.80
1460.19
1301.43
1483.01
1747.12
1928.82
1563.08
1191.33
1273.75
1704.80
2087.51
512.44
1931.20
783.53
1005.99
1747.36
1030.98
1462.95
585.11
1867.50
1507.08
1946.36
1923.25
1297.94
1666.93
1509.96
1912.61
1676.20
1489.99
933.48
828.37
1613.32
828.16
1706.33
1377.52
1358.17
2249.45
1608.76
1650.53
1591.75
1127.13
1770.95
1746.02
1947.52
596.93
1078.78
1058.11
1449.99
1780.24
1691.57
1497.67
1765.75
1665.74
1492.54
1675.18
1794.77
1512.05
1979.84
952.43
1411.15
944.50
1648.33
1275.08
1733.39
628.99
1303.88
811.93
1250.15
1237.67
1212.58
538.25
1422.37
1414.65
1675.33
1184.28
697.90
1110.84
1599.59
581.59
664.20
1635.82
1740.87
1282.36
1728.51
1612.04
1760.62
1651.07
1668.86
1657.05
1359.80
1772.00
1605.97
1291.24
743.96
1125.04
1129.43
1483.14
589.90
1531.62
1883.40
1714.53
1370.78
1414.47
934.51
1718.06
2182.21
1478.50
1154.05
1822.16
1225.83
1353.22
1520.32
1563.51
969.23
1204.51
1885.87
1766.34
1880.40
1383.18
1644.75
1825.05
1636.36
1943.82
1698.38
1545.35
1713.93
1345.73
1804.22
1341.85
1631.21
1306.45
1528.95
1540.48
1454.01
882.38
665.78
1746.51
1643.00
1239.89
1112.57
1137.01
1489.73
1287.25
617.84
703.91
1584.76
1696.74
1536.56
1508.39
1961.74
1943.59
2059.26
1214.10
1535.52
997.19
1291.37
971.97
1778.21
647.85
1640.33
1141.07
1693.96
1391.68
1317.07
1612.63
986.07
1492.89
1750.68
502.28
1389.40
1228.41
1474.17
1391.54
1568.15
718.23
1410.86
1573.78
230.07
732.99
1840.73
1590.65
821.83
1167.28
1838.37
675.10
731.16
1895.51
1716.33
1697.77
1916.98
1954.24
1277.02
1532.38
1242.25
1814.29
1675.42
1617.10
1615.66
1880.26
600.17
1764.90
1318.94
1551.60
1521.95
776.56
1230.28
1570.61
1506.62
795.66
1424.32
1871.22
1463.39
894.24
1536.08
1360.92
1570.19
1876.71
1937.29
587.25
229.53
784.42
1647.01
1748.49
1426.29
1625.98
1572.98
1816.89
1700.10
1750.05
615.17
1764.84
1915.35
1565.59
1771.63
1946.46
1472.65
1874.17
1497.01
1238.44
1463.78
912.54
1650.97
1527.21
1764.61
1233.61
1521.10
290.16
1891.23
1423.87
1402.66
520.71
853.61
1849.07
1553.75
1716.68
1015.99
1793.12
1413.39
885.29
1870.64
1254.29
917.16
679.29
1211.39
1987.61
1877.67
1436.11
627.54
1250.39
1139.52
1002.51
1738.61
1283.28
1405.55
1325.81
1520.94
1573.27
1799.06
844.89
1421.76
1832.55
1704.39
415.16
1995.39
1510.51
2140.65
1764.52
787.57
1176.22
613.03
1674.49
1682.49
780.63
1149.51
1703.05
584.10
1120.38
829.63
1671.87
1544.27
2113.44
972.36
1240.79
1234.58
1588.31
1939.66
677.35
1908.82
1363.17
1455.54
705.29
1702.40
1516.83
1931.77
1801.85
723.17
1640.07
1135.80
1872.08
1431.31
1660.71
1670.79
762.60
1153.32
1039.95
974.07
1519.46
1487.45
1664.05
1475.36
1381.54
1527.35
1295.83
1385.57
1450.44
1995.13
1042.26
1855.44
1594.26
1636.40
1491.01
1152.51
1466.09
1899.94
1675.14
831.64
1578.15
1520.81
2024.71
1678.11
1678.13
1757.23
1468.40
1477.72
1668.61
1817.39
1188.06
1550.45
812.67
1730.77
1809.31
528.67
1623.74
1872.46
1863.67
1503.60
1431.77
781.82
1207.33
1797.31
1149.19
1766.26
1218.66
718.56
1500.06
1574.30
1413.91
1800.98
1198.49
436.51
894.31
1781.43
1965.45
1780.33
1640.55
2049.28
1347.50
1540.66
1695.84
1590.00
1315.45
1491.40
1439.43
1680.22
1113.46
1532.43
1507.15
1162.03
961.45
701.71
1864.79
1291.32
1458.08
874.14
1140.74
1474.15
1589.57
1165.92
1317.11
1747.60
801.59
1884.27
983.19
774.95
1727.23
1037.27
1690.06
1906.76
1049.66
1771.54
1835.50
1950.54
737.16
374.05
896.92
1468.76
1759.04
602.91
1792.23
1821.55
1298.13
1600.33
796.60
687.82
1721.03
760.49
204.54
1329.04
1923.45
1693.69
1651.44
1927.71
1705.55
2005.54
1665.57
1432.21
1221.07
1658.61
857.84
1493.63
1459.00
1817.91
1170.49
1636.68
1252.64
1649.58
1519.32
1473.23
1400.68
1143.64
1878.08
977.78
1771.77
2136.77
799.50
1869.67
224.23
1992.45
1345.69
1716.12
1738.07
1040.71
1820.76
1995.49
1673.29
1582.52
618.92
1524.70
1712.83
1521.69
1452.19
1764.56
1113.46
1957.09
1547.57
1238.97
259.78
1916.54
419.15
336.21
1213.74
908.00
1804.10
1794.36
1470.94
1824.63
1557.69
1482.79
1565.62
1081.94
789.08
1708.33
1250.70
1575.46
1355.36
1473.02
1664.75
1630.23
1537.09
668.31
1380.44
1460.43
1850.59
954.18
680.01
1191.15
1193.06
1340.96
993.98
1610.36
1554.69
1780.00
768.35
1783.63
869.12
1962.48
1941.27
1443.41
1256.03
1545.42
826.62
1835.14
1332.39
892.58
1597.33
1036.56
838.60
547.19
955.88
552.97
1875.37
1891.04
1712.20
1294.67
1151.52
530.21
1498.60
1728.44
1153.42
396.96
1637.44
1651.72
594.92
1367.19
759.38
934.59
1179.66
1998.13
839.56
339.28
1267.70
1930.77
1501.51
1881.45
1905.92
1227.37
1680.70
1915.25
1279.48
944.13
1084.93
1732.63
1371.21
1590.66
966.53
1566.11
2122.42
1617.56
1170.05
1921.38
1962.40
1365.90
1645.92
1484.32
965.89
1881.06
1338.00
1257.94
1550.83
1726.54
1509.37
564.61
1534.87
785.22
1085.74
215.34
1723.35
1875.36
1723.05
1192.36
1254.21
1697.55
1947.25
1596.09
1243.15
1486.14
641.70
1859.73
1948.23
1066.70
1761.02
1299.73
1718.13
1844.29
1648.99
648.21
970.17
1521.69
1839.72
1470.76
1217.72
1081.81
1395.12
1171.15
1806.78
1582.74
1824.03
1579.00
999.66
1813.01
1499.09
1668.22
993.84
1577.19
1133.85
947.76
1486.41
1653.54
1539.69
1522.18
1931.57
1144.54
768.43
967.28
1739.65
1622.25
1704.23
1372.74
1328.81
1301.43
714.61
1950.57
1123.37
1934.07
996.32
1676.62
613.51
1387.31
1253.32
1058.31
423.50
1702.67
1720.98
606.48
1173.54
2043.77
1839.95
1198.67
1865.91
1492.35
1597.16
1639.04
1508.75
2137.48
955.99
665.43
1902.56
1667.60
1496.67
1880.12
2222.20
1505.48
1671.65
1589.73
1392.52
1181.26
1214.80
1248.85
1618.97
1493.85
1961.35
1508.42
1590.91
1618.42
1674.71
1167.30
1838.92
1088.68
1403.03
1438.55
1654.38
2020.78
598.56
1083.05
1423.96
1916.26
1769.92
1133.01
1964.52
1620.79
1655.85
1798.27
936.31
850.98
1806.83
347.88
1850.11
1924.95
1946.95
1722.87
1471.39
1501.26
1516.67
1854.36
285.95
1636.04
1179.59
1167.75
1987.82
1271.11
1266.18
1431.90
1633.98
1595.60
1508.17
1587.44
1460.61
1837.87
804.87
1341.39
1112.33
1197.99
702.22
714.76
912.94
1559.76
599.42
1461.04
887.17
1497.86
1913.15
1920.37
1533.97
1869.70
1511.21
1370.79
1662.21
1904.29
1157.12
562.44
1179.93
1755.98
1624.71
1924.17
1894.90
695.77
443.55
1778.83
1084.18
1771.11
929.46
1854.30
1166.08
1564.93
1191.87
1189.75
1298.90
1490.93
1930.27
1278.17
1978.34
1512.60
1480.28
1693.15
1697.03
1919.81
1760.33
1578.63
1304.49
2130.70
1099.62
800.15
1543.31
1317.68
1627.08
888.63
1295.80
1253.03
1679.11
1633.32
1963.30
1276.92
1454.89
1584.41
551.89
1674.30
1577.52
1861.21
1836.45
584.06
608.83
1679.74
1853.56
1176.89
1844.50
802.84
1186.56
1392.74
746.24
2130.29
1419.33
1124.75
1783.24
1368.93
1443.15
1009.09
771.01
1470.09
1587.47
1790.10
1503.26
1709.83
1613.90
1168.94
1865.63
1630.02
1431.45
1863.01
345.23
1682.79
1389.34
1674.95
632.98
761.26
1928.74
1819.90
1257.98
970.36
1579.68
1916.37
1714.87
1294.10
1673.58
1663.18
1252.47
1673.27
1646.03
1488.43
1171.27
1289.24
899.95
1765.36
2083.35
1548.38
1933.60
2216.86
1815.92
1493.87
1631.98
698.26
886.83
1477.07
787.85
1502.05
1431.15
1895.09
1033.08
1712.98
1671.40
1584.97
1675.96
1547.99
1792.65
460.69
984.76
702.65
1421.22
740.71
1865.39
1114.82
2096.52
1671.28
1330.36
1109.60
505.31
960.27
1670.44
1485.54
1651.80
996.09
920.46
1379.96
1298.28
1591.12
873.91
916.89
1555.24
1533.49
2013.15
853.59
1277.85
516.23
788.20
1635.62
1397.87
1810.88
1539.10
1605.59
1531.79
1794.82
1688.14
1129.98
1884.67
1524.94
1567.91
944.93
1509.40
1738.44
385.21
1829.36
1875.19
1131.17
1501.25
1056.62
1775.03
1197.12
1440.30
1494.32
1537.28
679.24
1682.99
1600.28
1622.38
950.90
1027.19
1867.06
660.45
1762.82
1967.66
898.07
1497.58
1884.56
1452.81
778.89
1826.72
1205.16
1261.06
1394.14
1797.86
990.09
1363.51
1969.41
1555.15
1146.91
1658.99
1616.97
1355.30
1054.89
1535.32
1220.25
716.66
1249.21
1464.25
402.16
1647.91
460.06
1536.35
1251.72
1701.10
1644.31
1849.19
1446.86
1530.01
406.45
912.25
1557.91
1846.95
1213.18
1658.50
1897.83
1143.80
1445.11
1499.22
1189.33
1585.15
462.45
2255.31
1424.25
1041.57
788.09
652.34
1877.40
1387.25
1461.62
1916.07
1780.52
1301.12
1635.76
1527.09
1029.09
1927.93
1673.33
1605.15
1527.35
1509.29
1939.93
1530.59
1745.11
1038.59
858.34
1688.34
1794.63
1410.29
971.08
2005.15
1469.96
1680.90
1591.63
1578.51
1483.11
1185.28
1621.68
1310.46
1896.39
1217.29
1747.43
1667.27
1622.79
2182.98
1370.37
1466.00
1636.15
1624.45
1457.20
859.40
1094.36
1680.42
1466.45
1816.92
1637.21
1295.84
855.54
1150.40
1078.27
1838.91
1569.79
1270.82
1855.12
1328.11
1717.41
2000.53
1897.28
1596.03
1675.01
1641.74
1165.79
526.05
1655.07
2016.87
1783.32
1862.10
2246.27
1735.88
1880.40
1282.65
1078.15
1295.34
1748.39
1613.30
1613.15
1202.57
1649.24
1673.14
962.90
1861.53
1422.57
1946.28
2195.58
1274.31
860.60
1590.68
1776.65
1702.26
1682.93
953.00
1884.90
1829.87
1897.16
1274.47
1587.92
1927.17
390.46
635.64
1412.13
853.41
1378.23
1154.65
1780.83
1023.41
1219.12
1141.42
1221.20
1704.18
1657.36
1327.29
1190.24
1724.97
1002.61
1540.71
931.42
1949.96
1488.55
1510.91
1332.58
1502.85
1712.14
1309.91
1198.39
444.94
871.63
1588.37
941.93
1444.35
1569.69
1620.20
2116.73
1848.19
1730.39
1657.29
1671.72
1423.23
1871.76
1504.87
1565.74
1852.04
1951.94
1554.44
1733.98
1562.74
1556.61
1828.21
1034.11
1195.31
2035.32
2060.38
1540.59
923.97
1706.30
1969.53
1512.45
1637.96
1182.85
1958.96
924.24
1673.07
680.89
1257.46
1601.33
706.65
1485.38
1249.51
1945.36
1743.27
1644.65
1180.29
1134.89
1311.21
1905.56
1862.48
1523.83
1731.25
1352.02
896.80
1654.16
1240.09
1597.74
1234.33
1526.36
1849.98
1946.32
1935.16
1514.65
902.71
1815.15
1199.36
1634.93
1364.39
1719.19
1271.01
1000.53
1209.46
1704.62
1494.45
1560.37
1054.60
1687.47
1644.05
1782.42
1974.58
1694.35
439.51
1368.84
1133.64
1425.13
2166.23
806.09
1606.34
1848.05
1154.64
1301.77
1817.10
1747.50
1600.06
1660.88
614.50
764.66
1213.74
1588.70
1531.85
1663.14
1565.20
1605.12
1484.62
1562.68
831.78
1635.51
1804.01
1883.06
1851.20
1826.60
1511.95
896.93
882.13
1635.37
920.25
1511.91
1500.57
1572.99
904.30
1653.29
1899.87
950.09
1551.76
955.64
936.01
1735.79
1279.85
1767.85
1800.29
1560.90
966.38
1449.83
891.68
1393.03
1547.38
1118.30
1611.25
1555.11
998.41
887.00
1503.91
1081.30
1844.79
1278.84
1263.39
1735.22
1477.85
796.90
1173.18
1532.63
863.46
626.57
632.49
433.57
1338.11
1766.20
687.21
1599.92
1622.51
1700.42
1555.42
1694.23
1919.90
827.89
1480.51
2141.31
1573.00
1696.89
1348.84
1311.26
1711.84
1376.10
1342.57
1019.85
1599.61
1731.31
1460.50
1191.93
1633.31
776.93
1066.31
945.84
1637.86
1026.41
1432.62
831.66
920.90
1435.29
993.62
854.20
415.65
1782.35
916.64
825.62
1866.49
733.52
1950.42
1328.42
1630.04
1827.35
1422.49
830.14
1798.02
1808.79
1763.70
690.89
973.66
938.80
1625.73
597.97
1481.41
1668.43
1499.46
1901.51
1098.17
1074.99
1700.02
1550.64
1938.23
1950.00
1501.71
1668.28
1770.31
707.20
1581.95
1027.24
1814.58
971.12
300.35
863.12
1223.97
1709.66
1883.00
1016.28
1500.21
1314.32
866.59
1369.63
1694.04
1491.44
1614.81
1893.56
821.89
1616.80
842.05
1792.58
1097.14
1208.37
1027.68
1975.56
1335.11
1289.71
1954.22
1615.31
1236.37
1915.76
1563.84
1575.66
1985.50
1749.79
1103.30
1500.27
1402.17
1679.82
1214.93
1724.38
1145.63
1601.13
1619.48
1756.27
1816.93
2272.86
2137.93
747.88
1486.47
1910.35
1563.61
702.24
757.30
1157.37
2013.19
1365.62
1437.20
1744.33
861.93
1625.36
1548.40
1761.43
525.66
909.93
1693.20
1766.37
925.10
1144.86
1938.95
1735.95
1693.62
1672.58
1241.85
532.98
1893.44
1433.29
1227.71
2237.15
1485.45
1551.03
1235.16
1628.87
1714.00
1881.82
1743.56
912.87
1689.37
1307.20
1568.83
1897.14
1382.74
1763.47
1341.67
1721.35
840.12
731.48
1145.64
1290.18
1783.55
1196.15
1874.53
1304.06
1489.05
1478.56
1313.93
970.65
1197.66
1925.78
1887.53
1284.56
887.38
1133.98
1501.49
2152.24
826.87
1758.49
1466.84
2126.65
1474.20
1905.86
673.52
1614.49
1394.33
1132.57
1485.62
1193.67
1020.10
1603.95
1201.15
1540.69
1536.29
1385.95
1668.22
1451.46
1529.54
1375.63
2271.48
1530.41
1409.99
1120.49
1210.29
1925.43
1619.09
1573.18
793.16
1472.47
1815.70
1681.94
1773.03
2077.85
876.14
1544.29
1723.53
1630.28
905.34
1875.37
652.56
1504.91
1610.63
1562.06
1248.04
780.29
1113.43
1742.37
1074.23
1574.03
1310.78
1533.55
1764.15
1249.50
1708.21
1628.56
1657.13
1764.25
448.01
1301.11
1120.21
1794.91
1827.22
511.60
1160.12
1326.15
1712.78
1883.43
1382.28
1860.56
1824.02
1047.24
1595.52
1894.30
1585.59
1585.34
1505.85
1036.60
1929.65
1440.09
1272.33
1427.91
1803.53
1339.08
622.25
1387.19
1893.35
862.12
1491.32
1617.03
1321.28
1491.11
899.51
730.71
1683.34
1657.76
1198.62
1112.07
1876.94
1256.61
1902.70
622.89
1573.12
814.19
1253.07
1385.67
838.54
947.73
1485.15
844.91
1804.35
1338.24
1300.75
1927.91
1329.77
1480.89
1547.48
1326.18
1391.69
1281.53
1333.00
1695.63
871.21
710.52
947.24
606.55
2110.99
1716.05
1316.70
1188.02
516.08
1183.33
1409.92
1441.80
1276.96
2224.47
1310.83
1380.34
1563.10
1782.65
1751.68
1695.68
1703.44
1433.96
1722.62
1854.67
1515.59
1626.25
1529.56
734.13
1725.48
1262.59
1102.65
1848.83
1961.01
1848.63
1217.11
1650.81
885.29
866.81
1869.63
1222.05
1642.43
417.06
1406.72
1773.29
830.75
1622.16
1667.63
1937.39
268.67
1295.79
2015.51
1903.21
690.85
1274.70
1624.98
1854.29
1698.81
1925.81
1381.74
1490.08
748.47
1525.33
1073.57
779.09
1457.76
206.96
1887.08
673.16
706.83
1598.06
1320.85
2144.75
1298.71
1911.86
1988.67
927.56
1836.38
1584.87
2073.80
721.67
719.12
1647.98
1655.12
1628.81
645.12
1678.63
2191.57
1170.58
1144.98
683.24
1755.43
1748.33
1653.02
2051.02
1633.96
1564.37
515.78
1138.50
1780.50
2005.73
1670.63
1854.75
773.11
1650.01
1404.64
1984.53
1322.70
1380.74
1641.47
1572.78
776.70
1878.46
1303.78
1507.59
1882.61
1360.64
1333.76
1505.97
1916.82
788.59
857.24
1989.63
1751.34
567.42
1600.74
1480.73
1520.22
1862.42
1804.28
1223.97
894.18
1684.24
1501.78
1157.94
752.92
1451.77
930.48
1497.79
1354.74
1488.73
1886.57
1677.76
879.69
1667.37
1528.95
1218.12
1362.80
1823.17
1748.26
1674.91
1746.20
1477.53
1917.67
1650.69
1852.33
1898.97
1254.89
1297.25
1575.57
1233.96
1711.54
1694.12
1830.90
1479.77
1737.85
2006.56
616.37
1361.24
680.25
1736.59
1554.48
1678.59
1420.67
702.51
1383.67
1328.61
1466.56
1257.78
1814.71
1901.20
1260.10
2002.50
679.81
1583.23
969.74
1616.88
1203.58
1174.44
1631.26
1445.01
1175.27
659.15
1444.67
1446.97
1493.51
1786.34
1706.87
1499.38
1724.30
1740.30
1501.82
1544.78
1376.71
1246.70
1498.83
1949.07
996.27
988.78
1810.03
772.24
1797.39
1560.15
1535.93
1395.24
1746.11
1352.01
1866.53
1825.47
945.87
1760.33
1192.20
741.03
1428.55
1010.99
1732.59
1861.81
1521.65
1480.39
1627.73
280.96
1631.38
1202.80
1188.33
1723.07
1003.63
763.57
1736.00
923.89
1313.37
1683.38
779.05
1535.40
676.17
699.91
1524.32
1786.77
1186.03
1119.61
1527.38
1046.76
1937.80
1691.36
1622.53
1624.89
1439.39
1463.60
722.64
1742.42
1883.56
765.30
736.81
935.46
1681.87
1812.23
1133.08
1955.13
1251.73
1190.63
1911.73
1332.74
1911.43
813.84
1418.83
1564.13
940.52
1834.95
1289.40
1139.47
1773.43
1289.60
957.51
1812.89
1995.27
1598.37
1622.57
1183.00
1180.15
1316.44
1657.24
1295.77
1901.31
1573.72
1349.15
1216.50
824.92
1774.85
1554.83
1310.95
1444.42
1906.22
2225.56
727.42
1775.25
1721.97
788.52
278.36
1544.99
1382.38
1342.88
1084.90
877.00
1613.34
1700.61
1480.34
1731.53
1591.76
1458.90
963.34
1622.64
1005.63
1166.04
1440.73
1117.24
1114.20
685.21
928.51
1817.40
2075.93
1741.92
1859.21
1192.83
1614.46
1670.71
1269.59
1343.33
1924.18
1264.18
1702.91
1701.32
1974.34
1561.20
1393.58
1502.38
1954.24
963.19
858.96
1443.49
1575.10
989.13
1052.86
1197.00
1246.62
1800.41
1449.90
1322.65
1827.88
1520.83
1603.83
324.24
403.89
1979.36
1614.07
1012.79
1810.13
833.86
1028.66
693.57
1660.40
1196.72
1999.30
854.24
1455.82
1443.72
732.91
1897.24
1175.99
661.33
1389.86
1733.25
1675.66
1285.42
1888.56
1495.94
653.46
1833.41
2095.02
1431.27
2114.80
1180.78
2186.53
1166.37
1764.62
953.46
1461.13
863.32
1175.47
1504.60
1522.77
1322.70
1565.04
785.53
767.06
1507.98
1255.49
1931.97
1889.31
1603.72
734.52
1298.83
1144.95
814.12
1650.89
865.09
1470.89
1355.27
1445.28
1453.07
1665.07
940.43
1018.90
1842.10
1350.16
1910.48
901.20
809.95
1834.27
960.83
1303.47
1633.66
1565.73
1294.04
204.49
1843.55
1319.22
1920.17
1362.74
1544.80
1284.44
1903.38
1750.83
1689.59
1622.19
1695.09
761.02
1902.35
1501.04
1542.32
1725.89
1824.54
1440.55
1342.18
1867.98
1744.86
1205.56
1749.51
1352.23
929.19
831.42
1337.36
1947.39
1169.55
592.24
1674.64
806.37
1554.15
1297.93
1177.08
1567.92
1505.09
1593.76
966.69
1722.84
1203.81
1145.75
1089.91
1450.49
1508.39
1538.33
1026.08
1313.43
851.67
1787.27
1242.37
1584.43
1123.95
2189.39
1836.25
1248.14
1908.08
1215.82
1494.06
1515.27
1211.89
1436.72
1526.85
1361.90
696.35
1645.52
1439.61
959.85
2025.51
1251.56
1805.54
1124.86
1446.51
1122.62
1885.74
1528.08
1865.86
1568.94
1619.58
1303.61
924.37
1651.64
800.52
1417.58
1084.67
1278.79
1180.38
1976.16
1784.24
1564.10
1176.31
987.78
1595.37
2169.35
1769.54
617.20
1253.84
1160.06
1567.76
1506.12
1559.64
1601.62
1469.51
269.55
1558.20
1752.34
1483.70
1693.64
1124.58
1931.23
1844.11
1092.78
563.97
2223.32
1155.95
1721.12
1735.71
1360.97
1983.05
1217.96
1712.58
1780.14
541.26
1320.14
290.03
1817.60
859.24
913.09
1800.78
1921.26
847.16
1471.70
1570.15
1950.31
1787.82
363.26
1637.22
1107.43
1859.90
1307.76
1963.83
1906.32
2066.36
1487.84
1690.88
1190.99
1469.38
677.54
1712.66
1502.91
957.64
1166.05
1727.66
1341.16
1769.51
325.08
1704.13
1672.16
948.54
1123.78
749.97
1545.18
1215.87
1203.59
1252.70
1123.73
1555.37
1535.04
1142.33
1301.98
1610.03
1349.01
1568.00
1375.78
1767.84
1795.67
1153.30
1248.01
1052.16
1601.49
832.41
665.65
1281.35
813.10
1865.10
1373.02
873.62
1846.26
1066.95
1984.31
1272.05
1237.87
1362.04
758.82
1258.73
1288.42
1350.36
1864.44
852.32
1294.16
1408.25
1705.25
615.20
1468.09
1388.25
938.35
1975.80
1835.17
1080.61
1377.08
1217.77
1662.36
1658.75
1377.61
1175.12
804.74
2091.40
1219.31
2088.83
1150.27
848.29
1958.52
1374.37
1514.97
1217.00
1542.55
1517.50
1275.26
1273.55
854.23
1372.92
1337.13
1263.73
1489.10
789.78
1423.09
1089.78
1326.68
1485.98
1682.64
1957.57
1099.26
1283.16
1917.82
1011.34
1636.36
1152.21
1639.12
1264.15
1231.59
1587.17
1634.26
1796.69
767.13
1263.59
2110.93
1721.08
1687.56
1322.29
1962.67
1772.28
2039.06
1575.79
1544.88
1586.52
1849.81
1445.27
1185.77
1424.03
1493.25
1350.49
637.01
1121.54
1852.00
1257.57
1583.70
1910.58
1513.60
1580.83
904.04
1579.36
1829.74
391.62
1483.62
1385.23
1616.82
1661.40
1113.49
1345.78
734.22
541.10
1281.23
1650.20
2037.32
1883.39
1804.43
1389.82
1714.88
1723.02
1916.24
905.63
1764.88
590.42
930.11
1094.30
1511.20
1010.11
1597.70
1211.61
1602.61
1602.54
1734.62
1443.21
1430.99
1700.03
1317.73
1576.01
1883.78
1664.62
1028.89
1250.33
1736.44
1276.21
1358.39
883.34
880.64
1504.43
1763.60
1016.60
798.52
1158.86
1722.56
1448.44
1345.00
951.98
1839.45
1574.46
1582.68
1636.04
1445.54
1244.20
770.15
1420.37
978.15
905.32
1796.04
1773.77
1309.68
1980.42
919.41
1225.44
1025.17
872.68
1056.42
1260.54
1560.61
1532.18
823.17
1525.44
1760.58
1492.26
1287.34
1679.93
1533.06
2010.30
1242.01
925.76
1360.38
1723.26
1290.39
1178.59
1575.23
1174.82
522.69
1649.26
1629.34
829.45
1171.91
1186.01
886.95
1620.98
1361.45
1260.31
1167.48
1664.86
1651.69
1721.62
1793.01
1430.25
1389.41
1742.42
1781.87
1643.93
1887.71
1875.02
1612.60
1715.26
1164.63
1503.96
1287.64
1143.92
1742.86
1323.76
1269.90
1702.16
687.99
1830.79
1188.92
995.65
1018.55
1917.02
1589.08
1514.28
1656.42
1426.84
1618.17
854.44
1425.27
941.42
1501.94
1710.30
1037.74
1469.84
1507.43
1008.61
1237.58
861.06
1514.98
1832.85
898.88
1275.06
720.55
1582.70
544.20
1095.14
832.72
1433.81
1578.18
2110.55
2121.53
1375.04
1525.42
774.29
970.35
1904.21
1594.57
1345.51
1421.95
1510.88
1242.38
1882.87
1653.70
1031.67
2173.13
2162.50
2026.40
1678.95
1595.65
776.14
1564.41
1198.12
1537.44
1515.28
996.13
539.45
1913.37
1389.59
831.90
1477.60
1649.80
1237.47
1609.27
1890.99
995.56
820.32
1373.72
1731.25
657.09
689.96
627.21
1879.46
1649.91
1346.84
1821.80
1284.23
1903.61
1607.46
1356.45
1645.81
1913.99
1541.29
1301.17
1567.35
917.70
703.97
1527.89
1580.33
1597.88
1568.65
912.15
1815.19
1785.35
1632.79
2011.22
1570.61
1746.27
1447.59
2192.87
1743.96
1188.70
782.43
788.90
1751.44
1078.15
1627.38
1746.60
1492.87
1217.43
1411.29
1359.01
1454.18
790.22
1304.73
1805.21
785.82
1629.22
1046.46
1640.82
1511.23
1141.60
738.38
1509.84
1429.45
1534.15
1508.92
1325.62
1690.12
1266.78
1472.26
1454.84
1861.09
1003.87
1812.81
1709.98
1557.77
599.79
613.38
1818.94
1119.46
836.87
1577.18
904.09
1646.33
1359.95
1536.04
1828.04
1644.34
1547.62
1877.38
1886.66
1242.17
1437.59
1496.19
1604.51
1160.96
1164.40
1512.13
1362.54
1216.69
1646.52
1660.48
1333.96
1546.68
1743.90
653.97
704.41
1656.40
1461.09
1455.28
1740.70
1642.52
1199.33
1056.39
1625.15
1411.26
1031.95
1832.88
1442.70
1843.38
1503.95
1660.23
1116.34
1463.49
1728.04
1757.39
2132.86
969.98
624.36
1332.00
1415.31
905.75
698.63
1790.26
1163.44
1824.70
1309.76
1773.70
1855.22
1682.95
934.30
1497.90
1633.59
1105.95
704.38
612.43
1201.65
1717.75
1618.84
696.86
1329.56
1501.95
1692.28
1567.46
1955.56
1986.37
1896.10
1533.26
1965.94
964.38
1197.03
474.59
1708.65
1500.58
1316.24
1526.34
1591.72
2177.61
1806.84
1748.58
1526.43
1431.67
1485.76
1557.04
1989.79
1896.02
1419.73
778.55
1635.87
1394.18
1263.93
1410.88
1412.08
1875.39
1119.12
1071.62
1246.75
444.26
1574.18
1578.79
1600.05
1502.58
1177.38
1132.67
1298.69
1073.75
509.58
1556.29
859.43
1636.85
1054.23
1934.08
872.25
1876.14
1825.96
1713.36
1628.02
1899.40
1304.13
1815.59
494.86
1279.54
2196.00
1075.37
1257.74
1502.05
1576.61
424.50
1496.27
1485.09
1319.15
1843.75
1845.03
351.82
1519.87
522.16
1633.71
1415.56
1598.34
1468.85
1814.84
1928.51
542.16
259.20
1305.09
1146.85
1176.66
1362.25
892.24
1776.93
870.11
1822.07
1540.03
789.47
867.35
1223.95
1698.36
1770.53
776.57
1657.87
1578.39
1098.98
580.30
750.76
1530.86
1208.58
1021.77
1470.94
854.13
1656.97
660.24
1220.37
1748.32
1609.24
2025.18
1581.24
1498.76
890.56
1740.51
765.22
1615.89
1143.87
1642.11
1314.61
1306.02
1504.22
1573.86
1577.24
1486.09
1940.06
1761.79
1839.16
801.42
1806.68
1354.30
1481.03
1910.37
1680.27
1720.54
664.86
1235.80
1242.61
1911.33
1425.27
1878.12
1667.55
745.70
1600.95
1684.03
1813.31
1098.73
1018.73
847.42
1528.76
2208.23
1112.51
1796.63
1618.19
1283.75
669.77
1713.68
836.26
1477.90
596.28
1142.63
1157.59
1260.17
1859.73
2025.13
907.91
1744.64
849.72
674.11
1285.54
1236.49
698.47
1584.13
1801.84
1218.46
1543.96
1127.76
1273.64
1561.91
1507.11
1132.98
1275.75
1359.30
421.84
616.36
1593.56
1194.00
1177.09
1057.25
1346.23
1163.17
862.78
1791.24
785.93
866.88
1452.98
1579.19
1629.25
1227.18
1565.96
1602.50
1664.76
1435.08
1917.33
1390.84
1632.47
1777.88
1042.84
1746.35
1510.97
1824.67
1427.67
1256.20
1732.12
1410.13
1818.60
1934.96
1917.60
1879.98
1637.05
1136.55
1577.12
1013.40
1221.75
1399.91
1149.43
1636.19
1918.48
1781.93
1898.77
1363.71
988.71
1461.73
1730.31
1540.35
1741.90
656.73
1446.10
490.45
1390.25
2000.34
1572.80
1591.81
1011.33
916.85
1692.57
1391.57
1276.97
1485.74
1338.56
1935.69
1647.76
680.91
1216.07
1725.73
1314.69
1297.81
1498.59
1545.46
1106.89
715.68
495.44
1757.01
927.13
1698.00
1834.67
1571.58
1557.90
1994.46
822.38
1339.86
1505.66
1356.36
1267.98
720.55
1815.59
1625.21
1464.09
479.89
1145.25
1606.26
1571.88
949.32
1956.06
816.11
788.15
1415.71
1281.24
1796.04
1156.23
1138.04
1874.05
2080.82
1802.42
1316.73
1125.36
658.03
1741.62
1471.48
1714.11
385.42
1734.90
1751.86
1639.59
1578.53
1757.57
928.64
686.32
1732.26
1697.19
1639.26
1383.20
1188.32
1439.04
1043.81
867.95
1977.33
1011.23
1361.66
1449.68
1047.85
1156.65
1590.77
1917.17
1341.13
572.10
1486.38
1108.23
1641.01
1529.02
1274.98
1759.51
1516.81
1606.80
1900.01
1601.72
1059.55
1504.42
2214.29
1200.76
1583.00
1527.56
1074.54
1186.01
1465.30
1016.49
1580.67
784.98
1394.30
1026.16
1234.98
1541.37
723.40
1376.22
1968.70
787.52
2203.38
950.38
1173.35
987.53
1663.63
1874.44
1360.07
1515.62
1324.30
936.51
810.78
1803.95
1198.21
1865.15
1670.31
1709.51
1097.66
1519.70
1475.96
1800.07
1159.44
1317.70
1703.80
740.09
1860.53
1948.52
1864.67
1777.57
1788.14
1121.44
1677.36
279.47
1406.04
1178.06
1359.10
853.66
2117.80
1313.02
1419.60
946.04
1988.19
936.94
153.31
775.22
962.11
1918.29
1994.13
1763.51
1635.28
1912.02
1262.35
1596.08
1008.60
1255.48
1495.07
958.03
871.86
1742.23
1246.74
729.45
1450.15
1717.54
1398.54
1683.24
1906.79
1169.26
1945.21
1622.48
1515.27
1698.85
1347.16
1234.44
826.64
1007.49
567.68
1624.48
1646.33
1678.08
1485.84
1237.39
1325.22
1302.07
594.83
1782.97
1693.34
1496.44
1807.09
1557.24
1348.34
2065.69
835.11
1289.76
792.34
1660.27
1406.78
999.15
1228.13
1809.13
1789.09
1632.24
1441.40
755.41
2073.17
907.73
1436.43
1473.20
1257.45
1512.51
1317.93
1436.36
1128.20
960.08
1959.15
1603.24
712.73
1805.73
1350.43
1722.03
580.29
1709.28
1510.40
487.62
1188.88
1281.77
330.99
1391.51
1276.11
1421.05
1694.83
1487.60
1321.22
1717.28
2184.25
615.12
1582.00
685.75
1627.57
1434.06
1157.74
1541.99
1613.57
1838.20
1485.12
1399.05
1688.10
1082.95
1758.60
1420.35
1297.57
1219.24
1723.94
472.85
1061.35
932.37
930.35
1777.25
781.04
1009.21
1883.28
1507.15
1213.51
364.96
1275.22
1169.55
925.77
1125.66
804.74
1643.19
1684.28
1884.71
1433.35
1747.73
845.18
1599.05
1509.17
1609.88
1561.26
2261.76
1233.03
1353.76
1427.98
1274.85
1977.33
1802.58
1487.41
983.39
1728.54
782.86
1436.89
824.47
1815.92
1481.59
1228.41
1618.18
1618.32
2087.89
1652.14
217.59
1563.64
1717.57
1277.26
1011.08
1406.42
1540.24
1307.04
966.75
1948.49
1600.05
1565.91
2018.88
1941.26
1560.27
1321.00
1654.93
1613.88
1406.44
369.28
1636.12
1770.38
1206.91
1205.37
1753.85
670.95
540.57
661.44
1828.26
1270.40
